2018-05-04 10:51:55 9.2 9.2 9.1 9.1 9.1 9.1 9.1 9.1 8.5 8.5 8.5 8.5 8.5 8.5 8.5 8.5
2018-05-04 10:51:56 9.2 9.2 9.1 9.1 9.1 9.1 9.1 9.1 8.7 8.7 8.7 8.7 8.7 8.7 8.7 8.7
2018-05-04 10:51:57 9.2 9.2 9.1 9.1 9.1 9.1 9.1 9.1 8.7 8.7 8.7 8.7 8.7 8.7 8.7 8.7
2018-05-04 10:51:58 9.2 9.2 9.1 9.1 9.1 9.1 9.1 9.1 8.7 8.7 8.7 8.7 8.7 8.7 8.7 8.7
2018-05-04 10:51:59 9.2 9.2 9.1 9.1 9.1 9.1 9.1 9.1 8.7 8.7 8.7 8.7 8.7 8.7 8.7 8.7
2018-05-04 10:52:00 9.2 9.2 9.1 9.1 9.1 9.1 9.1 9.1 8.7 8.7 8.7 8.7 8.7 8.7 8.7 8.7
2018-05-04 10:52:01 9.2 9.1 9.1 9.1 9.1 9.1 9.1 9.1 8.7 8.7 8.7 8.7 8.7 8.7 8.7 8.7
2018-05-04 10:52:02 9.2 9.2 9.1 9.1 9.1 9.1 9.1 9.1 8.7 8.7 8.7 8.7 8.7 8.7 8.7 8.7
2018-05-04 10:52:03 9.2 9.2 9.1 9.1 9.1 9.1 9.1 9.1 8.7 8.7 8.7 8.7 8.7 8.7 8.7 8.7
2018-05-04 10:52:04 9.2 9.2 9.1 9.1 9.1 9.1 9.1 9.1 8.7 8.7 8.7 8.7 8.7 8.7 8.7 8.7
2018-05-04 10:52:05 9.2 9.2 9.1 9.1 9.1 9.1 9.1 9.1 8.7 8.7 8.7 8.7 8.7 8.7 8.7 8.7
2018-05-04 10:52:06 9.2 9.2 9.1 9.1 9.1 9.1 9.1 9.1 8.7 8.7 8.7 8.7 8.7 8.7 8.7 8.7
2018-05-04 10:52:07 9.2 9.2 9.1 9.1 9.1 9.1 9.1 9.1 8.7 8.7 8.7 8.7 8.7 8.7 8.7 8.7
2018-05-04 10:52:08 9.2 9.2 9.1 9.1 9.1 9.1 9.1 9.1 8.7 8.7 8.7 8.7 8.7 8.7 8.7 8.7
2018-05-04 10:52:09 9.2 9.2 9.1 9.1 9.1 9.1 9.1 9.1 8.7 8.7 8.7 8.7 8.7 8.7 8.7 8.7
2018-05-04 10:52:10 9.2 9.2 9.1 9.1 9.1 9.1 9.1 9.1 8.7 8.7 8.7 8.7 8.7 8.7 8.7 8.7
2018-05-04 10:52:11 9.2 9.2 9.1 9.1 9.1 9.1 9.1 9.1 8.7 8.7 8.7 8.7 8.7 8.7 8.7 8.7
2018-05-04 10:52:12 9.2 9.2 9.1 9.1 9.1 9.1 9.1 9.1 8.7 8.7 8.7 8.7 8.7 8.7 8.7 8.7
2018-05-04 10:58:24 9.3 9.3 9.2 9.2 9.2 9.2 9.2 9.2 8.7 8.7 8.7 8.7 8.7 8.7 8.7 8.7
2018-05-04 10:58:25 9.3 9.3 9.2 9.2 9.2 9.2 9.2 9.2 8.7 8.7 8.7 8.7 8.7 8.7 8.7 8.7
2018-05-04 10:58:26 9.3 9.3 9.2 9.2 9.2 9.2 9.2 9.2 8.7 8.7 8.7 8.7 8.7 8.7 8.7 8.7
